{"frameRate":60,"jointOrder":["root","hips_joint","spine_1_joint","spine_2_joint","spine_3_joint","spine_4_joint","spine_5_joint","spine_6_joint","spine_7_joint","neck_1_joint","neck_2_joint","neck_3_joint","neck_4_joint","head_joint","left_shoulder_1_joint","left_arm_joint","left_forearm_joint","left_hand_joint","right_shoulder_1_joint","right_arm_joint","right_forearm_joint","right_hand_joint","left_upLeg_joint","left_leg_joint","left_foot_joint","left_toes_joint","right_upLeg_joint","right_leg_joint","right_foot_joint","right_toes_joint"],"version":1,"magic":"DICYANIN_ARKITBODYANIM","name":"take-1782925285","createdAt":"2026-07-01T17:01:30Z","restPose":{"left_foot_joint":{"m":[0.23939797,-0.9709227,-2.807792e-06,0,0.9709227,0.23939797,3.4104806e-07,0,3.4104806e-07,-2.807792e-06,1.0000012,0,0.45730665,8e-08,0,1]},"right_toes_joint":{"m":[0.9281526,-0.37220094,0,0,0.37220094,0.9281526,0,0,-0,0,1.0000004,0,-0.14903176,0,0,1]},"right_forearm_joint":{"m":[0.99720186,-0.07474364,2.1481922e-06,0,0.07474364,0.99720186,-3.922404e-06,0,-1.8490081e-06,4.071996e-06,0.9999991,0,-0.2659859,-0,0,1]},"left_leg_joint":{"m":[0.96592337,0.25882438,-3.965776e-06,0,-0.25882438,0.96592337,5.22116e-07,0,3.965776e-06,5.22116e-07,0.999999,0,0.4211009,0,0,1]},"spine_7_joint":{"m":[1,0,0,0,0,1,0,0,0,0,1,0,0.10708762,0.00072747,4.27e-06,1]},"left_toes_joint":{"m":[0.9281526,-0.37220094,0,0,0.37220094,0.9281526,0,0,0,0,1.0000004,0,0.1490318,-0,-0,1]},"spine_3_joint":{"m":[1,0,0,0,0,1,0,0,0,0,1,0,0.05755287,0,-0,1]},"left_hand_joint":{"m":[0.99999917,-0,0,0,0,-4.286252e-06,-0.9999992,0,0,0.9999992,-4.286252e-06,0,0.26797026,-3e-08,0,1]},"neck_4_joint":{"m":[1,0,0,0,0,1,0,0,0,0,1,0,0.04,-1e-08,-0,1]},"right_foot_joint":{"m":[0.23939797,-0.9709227,1.233372e-06,0,0.9709227,0.23939797,-1.57442e-06,0,1.233372e-06,1.57442e-06,1.0000012,0,-0.45730665,-2e-08,1e-06,1]},"root":{"m":[1,0,0,0,0,1,0,0,0,0,1,0,0,0,0,1]},"neck_3_joint":{"m":[1,0,0,0,0,1,0,0,0,0,1,0,0.04,0,-0,1]},"right_leg_joint":{"m":[0.96592313,0.25882638,0,0,-0.25882638,0.96592313,0,0,0,-0,0.9999993,0,-0.42109317,0,0,1]},"neck_2_joint":{"m":[0.99991995,-0.012583625,0.0012991695,0,0.01258387,0.9999208,-0.0001818292,0,-0.0012967786,0.00019816322,0.9999991,0,0.03,0,0,1]},"head_joint":{"m":[0.9659286,-0.25879616,-0.0023629616,0,0.2587934,0.9657443,0.019051673,0,-0.0026484844,-0.019014085,0.9998153,0,0.04634992,0.00053905,3.246e-05,1]},"spine_4_joint":{"m":[1,0,0,0,0,1,0,0,0,0,1,0,0.0530542,0,0,1]},"left_forearm_joint":{"m":[0.9952906,-0.09693767,1.997644e-06,0,0.09693767,0.9952906,9.7052e-08,0,-1.997644e-06,9.7052e-08,1.0000001,0,0.2659864,0,0,1]},"left_upLeg_joint":{"m":[-0.00014429764,-0.99544334,0.0953531,0,0.001050315,-0.09535321,-0.9954428,0,0.9999993,-4.348395e-05,0.001059325,0,0.10054,-0.024978459,0.00095839,1]},"hips_joint":{"m":[0.99999917,-6.00915e-06,-1.97233e-06,0,5.9907184e-06,0.9999567,-0.009215899,0,2.027626e-06,0.009215899,0.9999567,0,-2e-08,0,0,1]},"spine_2_joint":{"m":[1,0,0,0,0,1,0,0,0,0,1,0,0.05755287,0,0,1]},"left_shoulder_1_joint":{"m":[-0.25593865,-0.027085442,0.96631324,0,0.0129890265,-0.9996133,-0.024578543,0,0.96660554,0.00626087,0.25619158,0,0.11220419,-0.00526603,0.08937616,1]},"left_arm_joint":{"m":[0.96635497,-0.01337112,0.25686657,0,0.012072054,0.9999057,0.0066336812,0,-0.2569309,-0.0033095821,0.9664247,0,0.14504977,-0,-0,1]},"right_upLeg_joint":{"m":[3.2588474e-09,0.995445,-0.09535328,0,2.4367424e-09,0.0953533,0.995445,0,1.0000015,2.4367424e-09,2.6543475e-08,0,-0.10054,-0.0249737,0.00095888,1]},"spine_5_joint":{"m":[0.9995441,-0.030186558,-0.0001780099,0,0.030186558,0.99954414,-6.8713814e-07,0,0.0001779495,-4.686682e-06,0.9999998,0,0.070462696,-0.00022305,-1.18e-06,1]},"right_hand_joint":{"m":[1.0000006,0,-0,0,-0,-2.2037344e-08,-1.0000006,0,0,1.0000006,-2.2037344e-08,0,-0.26797068,-0,0,1]},"right_arm_joint":{"m":[0.9663184,-0.021810524,0.25642455,0,0.019298393,0.9997383,0.012309368,0,-0.25662583,-0.006946185,0.96648616,0,-0.14504918,0,-1e-08,1]},"spine_1_joint":{"m":[-3.5003302e-06,0.99999994,-0.00016798574,0,-0.005643998,0.00016797685,0.999984,0,0.999984,4.4473218e-06,0.005643994,0,-2e-08,0,0,1]},"spine_6_joint":{"m":[0.9997358,0.023000482,0.00012599169,0,-0.023000482,0.9997358,-1.449126e-06,0,-0.00012599169,-1.449126e-06,1.0000004,0,0.09384017,0.00055053,3.1299999e-06,1]},"neck_1_joint":{"m":[0.9626917,0.27060023,0,0,-0.27060023,0.9626917,0,0,0,0,0.99999994,0,0.13401964,-0.00669533,1.0440001e-05,1]},"right_shoulder_1_joint":{"m":[0.25568452,0.009533537,0.9667133,0,-0.009426174,0.99992853,-0.0073679835,0,-0.9667144,-0.007228527,0.25575608,0,0.11220388,-0.0052660396,-0.08935528,1]}},"frames":[{"time":0.010307333337550517,"rootTransform":{"m":[0.9955856,-0.007511074,-0.093556404,0,0.027824366,0.9756036,0.21776919,0,0.08963829,-0.219411,0.97150594,0,0.14237414,-0.17291933,-2.4235654,1]},"localJoints":{"left_foot_joint":{"m":[0.23939782,-0.9709216,-2.5804752e-06,0,0.9709216,0.23939782,4.974599e-07,0,1.3476559e-07,-2.6245298e-06,1,0,0.45730665,7.7321936e-08,4.0856205e-16,1]},"right_toes_joint":{"m":[0.92815256,-0.3722,3.7271306e-07,0,0.3722,0.92815256,1.0287589e-06,0,-7.2883864e-07,-8.1612137e-07,1,0,-0.14903176,1.2789769e-15,3.289198e-10,1]},"right_forearm_joint":{"m":[0.8017213,-0.44851524,0.39506564,0,0.5096139,0.8583277,-0.05972492,0,-0.31230828,0.2492137,0.91670924,0,-0.2659859,-1.686633e-12,6.536993e-14,1]},"left_leg_joint":{"m":[0.7782911,0.6266975,-0.038900796,0,-0.62625843,0.7792426,0.024112808,0,0.04542459,0.0055951676,0.99895215,0,0.4211009,0,0,1]},"spine_7_joint":{"m":[0.99580127,-0.089604214,-0.01873884,0,0.08959764,0.9959774,-0.0011918459,0,0.018770255,-0.0004921142,0.9998238,0,0.10708762,0.00072746736,4.2739325e-06,1]},"spine_3_joint":{"m":[0.99380314,0.11093385,-0.006987318,0,-0.11099509,0.9937793,-0.009089432,0,0.005935527,0.009808664,0.9999342,0,0.05755287,9.101805e-12,-1.670041e-14,1]},"left_hand_joint":{"m":[1.0000001,-1.6731002e-07,1.7450725e-15,0,4.6116295e-08,0.27563375,-0.96126276,0,1.6082889e-07,0.96126276,0.27563375,0,0.26797026,-3.2819713e-08,1.6874679e-12,1]},"neck_4_joint":{"m":[0.99782115,-0.065775886,-0.005155455,0,0.065775275,0.9978345,-0.0002886803,0,0.005163279,-5.1050163e-05,0.9999867,0,0.04,-8.359135e-09,-1.0269563e-17,1]},"left_toes_joint":{"m":[0.92815256,-0.3722,3.1158942e-07,0,0.3722,0.92815256,-8.36825e-07,0,2.2263746e-08,8.926748e-07,1,0,0.1490318,-4.2632563e-16,-5.3290704e-17,1]},"right_foot_joint":{"m":[0.23939782,-0.9709216,1.6627764e-06,0,0.9709216,0.23939782,-7.382445e-07,0,3.1871252e-07,1.7911595e-06,1,0,-0.45730665,-2.2380322e-08,1.0039571e-06,1]},"root":{"m":[0.9998259,-0.018073304,-0.004664001,0,0.01690325,0.98269683,-0.18444902,0,0.007916901,0.18433803,0.9828312,0,0.0002699072,0.018168233,-0.008267096,1]},"neck_3_joint":{"m":[0.99774206,-0.06688281,-0.006123872,0,0.06688147,0.9977609,-0.00042408632,0,0.0061385236,1.3555224e-05,0.99998116,0,0.04,2.6948506e-09,-6.8001157e-18,1]},"right_leg_joint":{"m":[0.7679301,0.6405294,-0.0023799802,0,-0.6405177,0.76793176,0.0042495364,0,0.004549615,-0.0017389272,0.99998814,0,-0.42109317,0,0,1]},"neck_2_joint":{"m":[0.9994489,-0.033193327,5.8736892e-05,0,0.033193365,0.9994486,-0.00080441416,0,-3.200332e-05,0.0008059206,0.99999964,0,0.03,2.6890293e-10,1.072753e-16,1]},"left_forearm_joint":{"m":[0.7405325,-0.61716807,0.2659236,0,0.63740015,0.7704229,0.013029686,0,-0.21291512,0.1598508,0.9639061,0,0.2659864,1.2697944e-09,8.617855e-10,1]},"hips_joint":{"m":[1,0,0,0,0,1,0,0,0,0,1,0,0,0,0,1]},"left_shoulder_1_joint":{"m":[0.17889382,-0.0014866907,0.9838671,0,-0.081033,-0.9966235,0.013228036,0,0.98052555,-0.08209213,-0.17841029,0,0.11220419,-0.00526603,0.08937616,1]},"left_upLeg_joint":{"m":[0.05006916,-0.9476078,0.31548795,0,-0.040393975,-0.31754705,-0.94738185,0,0.9979287,0.034690794,-0.05417696,0,0.10054,-0.02497846,0.00095838855,1]},"right_upLeg_joint":{"m":[0.014192353,0.88736945,-0.46084037,0,-0.074357376,0.46054727,0.88451517,0,0.9971306,0.021713544,0.07251868,0,-0.10054,-0.024973702,0.00095888245,1]},"spine_2_joint":{"m":[0.9981824,0.059814554,-0.007345714,0,-0.059829373,0.998207,-0.0018139085,0,0.007224045,0.0022501012,0.99997133,0,0.05755287,9.1016595e-12,2.32789e-14,1]},"spine_4_joint":{"m":[0.9891603,0.14672717,-0.005749517,0,-0.146775,0.98912865,-0.009035108,0,0.0043613166,0.009781056,0.99994266,0,0.053054202,1.0710832e-11,2.8075525e-14,1]},"left_arm_joint":{"m":[0.8377915,0.027119363,-0.54531646,0,0.036648512,0.99372005,0.10572369,0,0.54475904,-0.10855944,0.8315363,0,0.14504977,-4.6657664e-11,-4.455457e-09,1]},"head_joint":{"m":[0.97164243,-0.23608428,-0.013231876,0,0.23607552,0.9717321,-0.0022429482,0,0.013387364,-0.00094437826,0.9999098,0,0.046349917,0.0005390509,3.246295e-05,1]},"spine_5_joint":{"m":[0.98210466,0.18821837,-0.006647128,0,-0.1882676,0.9820869,-0.0077774078,0,0.0050642067,0.008889668,0.9999476,0,0.0704627,-0.00022304898,-1.1807066e-06,1]},"right_hand_joint":{"m":[1,0,-0,0,-0,0.27563748,-0.9612617,0,0,0.9612617,0.27563748,0,-0.26797068,-7.601031e-14,6.970424e-14,1]},"right_arm_joint":{"m":[0.84696656,0.051905215,-0.5291064,0,-0.08701126,0.9953367,-0.0416409,0,0.5244776,0.08130666,0.84753317,0,-0.14504918,5.3406137e-11,-1.272317e-08,1]},"spine_1_joint":{"m":[-0.012624614,0.99969536,0.02121281,0,-0.00092308404,-0.021226145,0.9997744,0,0.99992,0.0126022,0.0011907791,0,-1.9777714e-08,3.3065644e-26,0,1]},"spine_6_joint":{"m":[0.9986243,0.04869325,-0.019454341,0,-0.04882777,0.9987861,-0.006500224,0,0.019114207,0.0074411943,0.9997896,0,0.09384017,0.0005505333,3.1292616e-06,1]},"neck_1_joint":{"m":[0.9733233,0.22942626,0.0023015398,0,-0.22942403,0.9733257,-0.0011941722,0,-0.0025141225,0.0006342871,0.99999654,0,0.13401964,-0.006695325,1.0439466e-05,1]},"right_shoulder_1_joint":{"m":[-0.07885342,0.042504568,0.9959796,0,0.16588013,0.9857213,-0.028933777,0,-0.9829882,0.16293171,-0.08477813,0,0.11220388,-0.0052660364,-0.08935528,1]}}},{"time":0.033535791670146864,"rootTransform":{"m":[0.9941389,-0.007680666,-0.10783674,0,0.030800128,0.976258,0.2144102,0,0.10362964,-0.2164749,0.9707726,0,0.13903032,-0.17609462,-2.422031,1]},"localJoints":{"left_foot_joint":{"m":[0.23939782,-0.9709216,-2.5804752e-06,0,0.9709216,0.23939782,4.974599e-07,0,1.3476559e-07,-2.6245298e-06,1,0,0.45730665,7.7321936e-08,4.0856205e-16,1]},"right_toes_joint":{"m":[0.92815256,-0.3722,3.7271306e-07,0,0.3722,0.92815256,1.0287589e-06,0,-7.2883864e-07,-8.1612137e-07,1,0,-0.14903176,1.2789769e-15,3.289198e-10,1]},"right_forearm_joint":{"m":[0.80372924,-0.44271687,0.3975185,0,0.50451237,0.86125576,-0.06087489,0,-0.31541476,0.24947993,0.9155726,0,-0.2659859,-1.686633e-12,6.536993e-14,1]},"left_leg_joint":{"m":[0.77665526,0.628678,-0.039628316,0,-0.62823945,0.777642,0.024248544,0,0.04606117,0.006063313,0.9989202,0,0.4211009,0,0,1]},"spine_7_joint":{"m":[0.9958359,-0.08911899,-0.019197347,0,0.089116365,0.9960207,-0.0009941069,0,0.01920955,-0.00072083063,0.9998151,0,0.10708762,0.00072746736,4.2739325e-06,1]},"spine_3_joint":{"m":[0.99387413,0.11032438,-0.0065512434,0,-0.11038242,0.99384594,-0.009280143,0,0.0054871,0.009946436,0.99993557,0,0.05755287,9.101805e-12,-1.670041e-14,1]},"left_hand_joint":{"m":[1.0000001,-1.6731002e-07,1.7450725e-15,0,4.6116295e-08,0.27563375,-0.96126276,0,1.6082889e-07,0.96126276,0.27563375,0,0.26797026,-3.2819713e-08,1.6874679e-12,1]},"neck_4_joint":{"m":[0.99782115,-0.065775886,-0.005155455,0,0.065775275,0.9978345,-0.0002886803,0,0.005163279,-5.1050163e-05,0.9999867,0,0.04,-8.359135e-09,-1.0269563e-17,1]},"left_toes_joint":{"m":[0.92815256,-0.3722,3.1158942e-07,0,0.3722,0.92815256,-8.36825e-07,0,2.2263746e-08,8.926748e-07,1,0,0.1490318,-4.2632563e-16,-5.3290704e-17,1]},"right_foot_joint":{"m":[0.23939782,-0.9709216,1.6627764e-06,0,0.9709216,0.23939782,-7.382445e-07,0,3.1871252e-07,1.7911595e-06,1,0,-0.45730665,-2.2380322e-08,1.0039571e-06,1]},"root":{"m":[0.9998228,-0.018008826,-0.0054625045,0,0.016701894,0.98289526,-0.18340604,0,0.008671998,0.18328233,0.983022,0,0.00034049727,0.018265735,-0.008160389,1]},"neck_3_joint":{"m":[0.99774206,-0.06688281,-0.006123872,0,0.06688147,0.9977609,-0.00042408632,0,0.0061385236,1.3555224e-05,0.99998116,0,0.04,2.6948506e-09,-6.8001157e-18,1]},"right_leg_joint":{"m":[0.76797396,0.6404799,-0.0011958083,0,-0.6404706,0.7679708,0.004261035,0,0.0036474534,-0.0025064838,0.9999902,0,-0.42109317,0,0,1]},"neck_2_joint":{"m":[0.9994489,-0.033193327,5.8736892e-05,0,0.033193365,0.9994486,-0.00080441416,0,-3.200332e-05,0.0008059206,0.99999964,0,0.03,2.6890293e-10,1.072753e-16,1]},"left_forearm_joint":{"m":[0.73841983,-0.61986667,0.26552138,0,0.63984925,0.7683668,0.0143399965,0,-0.21290667,0.15930471,0.9639985,0,0.2659864,1.2697944e-09,8.617855e-10,1]},"hips_joint":{"m":[1,0,0,0,0,1,0,0,0,0,1,0,0,0,0,1]},"left_shoulder_1_joint":{"m":[0.1819835,-0.0016305312,0.98330015,0,-0.08120701,-0.9966074,0.013376725,0,0.97994244,-0.08228521,-0.18149853,0,0.11220419,-0.00526603,0.08937616,1]},"left_upLeg_joint":{"m":[0.05259688,-0.9474623,0.3155133,0,-0.040688,-0.31772155,-0.9473107,0,0.9977866,0.036987983,-0.0552615,0,0.10054,-0.02497846,0.00095838855,1]},"right_upLeg_joint":{"m":[0.012256573,0.8887066,-0.4583125,0,-0.07348506,0.4579081,0.88595724,0,0.997221,0.022820326,0.07091903,0,-0.10054,-0.024973702,0.00095888245,1]},"spine_2_joint":{"m":[0.9982247,0.05917933,-0.0067445287,0,-0.05919352,0.99824476,-0.0019238668,0,0.0066188364,0.0023196836,0.9999755,0,0.05755287,9.1016595e-12,2.32789e-14,1]},"spine_4_joint":{"m":[0.9892459,0.14615878,-0.005488343,0,-0.14620498,0.989211,-0.009254422,0,0.004076514,0.009957323,0.9999421,0,0.053054202,1.0710832e-11,2.8075525e-14,1]},"left_arm_joint":{"m":[0.8389299,0.02427476,-0.543698,0,0.039780673,0.99359745,0.105743505,0,0.5427838,-0.11034005,0.83259284,0,0.14504977,-4.6657664e-11,-4.455457e-09,1]},"head_joint":{"m":[0.97164243,-0.23608428,-0.013231876,0,0.23607552,0.9717321,-0.0022429482,0,0.013387364,-0.00094437826,0.9999098,0,0.046349917,0.0005390509,3.246295e-05,1]},"spine_5_joint":{"m":[0.98219573,0.18774594,-0.006574744,0,-0.18779574,0.9821754,-0.008020008,0,0.0049518277,0.009111926,0.99994624,0,0.0704627,-0.00022304898,-1.1807066e-06,1]},"right_hand_joint":{"m":[1,0,-0,0,-0,0.27563748,-0.9612617,0,0,0.9612617,0.27563748,0,-0.26797068,-7.601031e-14,6.970424e-14,1]},"right_arm_joint":{"m":[0.84733117,0.05496811,-0.5282125,0,-0.0900568,0.9950961,-0.040910393,0,0.5233734,0.08223378,0.8481262,0,-0.14504918,5.3406137e-11,-1.272317e-08,1]},"spine_1_joint":{"m":[-0.0118603725,0.99971986,0.020481715,0,-0.0009795314,-0.020494768,0.9997894,0,0.99992913,0.0118378075,0.0012222899,0,-1.9777714e-08,3.3065644e-26,0,1]},"spine_6_joint":{"m":[0.99863166,0.04848474,-0.01960007,0,-0.048624713,0.9987945,-0.006728982,0,0.019250186,0.0076728216,0.99978524,0,0.09384017,0.0005505333,3.1292616e-06,1]},"neck_1_joint":{"m":[0.9733233,0.22942626,0.0023015398,0,-0.22942403,0.9733257,-0.0011941722,0,-0.0025141225,0.0006342871,0.99999654,0,0.13401964,-0.006695325,1.0439466e-05,1]},"right_shoulder_1_joint":{"m":[-0.08017256,0.045018356,0.99576384,0,0.16495515,0.9858047,-0.031286962,0,-0.9830372,0.16174804,-0.086460516,0,0.11220388,-0.0052660364,-0.08935528,1]}}},{"rootTransform":{"m":[0.9936053,-0.008198422,-0.11261152,0,0.03232889,0.9762605,0.21417312,0,0.108182326,-0.21644413,0.9702827,0,0.13490881,-0.17570183,-2.4166749,0.99999994]},"time":0.04405229166877689,"localJoints":{"left_foot_joint":{"m":[0.23939782,-0.9709216,-2.5804752e-06,0,0.9709216,0.23939782,4.974599e-07,0,1.3476559e-07,-2.6245298e-06,1,0,0.45730665,7.7321936e-08,4.0856205e-16,1]},"right_toes_joint":{"m":[0.92815256,-0.3722,3.7271306e-07,0,0.3722,0.92815256,1.0287589e-06,0,-7.2883864e-07,-8.1612137e-07,1,0,-0.14903176,1.2789769e-15,3.289198e-10,1]},"right_forearm_joint":{"m":[0.8028265,-0.44290754,0.39912716,0,0.504868,0.8611122,-0.05995171,0,-0.3171402,0.24963735,0.91493356,0,-0.2659859,-1.686633e-12,6.536993e-14,1]},"left_leg_joint":{"m":[0.77396387,0.6320699,-0.038309243,0,-0.6316181,0.7748935,0.024466818,0,0.04515032,0.005260377,0.99896634,0,0.4211009,0,0,1]},"spine_7_joint":{"m":[0.9958511,-0.089000806,-0.018959247,0,0.089006156,0.9960309,-0.00056346646,0,0.018934146,-0.001126361,0.9998201,0,0.10708762,0.00072746736,4.2739325e-06,1]},"spine_3_joint":{"m":[0.99389786,0.11011605,-0.0064514154,0,-0.11017005,0.9938746,-0.008716491,0,0.005452072,0.009374053,0.9999413,0,0.05755287,9.101805e-12,-1.670041e-14,1]},"left_hand_joint":{"m":[1.0000001,-1.6731002e-07,1.7450725e-15,0,4.6116295e-08,0.27563375,-0.96126276,0,1.6082889e-07,0.96126276,0.27563375,0,0.26797026,-3.2819713e-08,1.6874679e-12,1]},"neck_4_joint":{"m":[0.99782115,-0.065775886,-0.005155455,0,0.065775275,0.9978345,-0.0002886803,0,0.005163279,-5.1050163e-05,0.9999867,0,0.04,-8.359135e-09,-1.0269563e-17,1]},"left_toes_joint":{"m":[0.92815256,-0.3722,3.1158942e-07,0,0.3722,0.92815256,-8.36825e-07,0,2.2263746e-08,8.926748e-07,1,0,0.1490318,-4.2632563e-16,-5.3290704e-17,1]},"right_foot_joint":{"m":[0.23939782,-0.9709216,1.6627764e-06,0,0.9709216,0.23939782,-7.382445e-07,0,3.1871252e-07,1.7911595e-06,1,0,-0.45730665,-2.2380322e-08,1.0039571e-06,1]},"root":{"m":[0.99981266,-0.018859077,-0.0043631247,0,0.017734218,0.98275787,-0.18404497,0,0.0077588134,0.18393312,0.9829082,0,0.00021419876,0.018335069,-0.008036253,1]},"neck_3_joint":{"m":[0.99774206,-0.06688281,-0.006123872,0,0.06688147,0.9977609,-0.00042408632,0,0.0061385236,1.3555224e-05,0.99998116,0,0.04,2.6948506e-09,-6.8001157e-18,1]},"right_leg_joint":{"m":[0.76320016,0.6461623,0.00015531802,0,-0.6461569,0.7631928,0.004276445,0,0.0026447398,-0.003364143,0.999991,0,-0.42109317,0,0,1]},"neck_2_joint":{"m":[0.9994489,-0.033193327,5.8736892e-05,0,0.033193365,0.9994486,-0.00080441416,0,-3.200332e-05,0.0008059206,0.99999964,0,0.03,2.6890293e-10,1.072753e-16,1]},"left_forearm_joint":{"m":[0.7349265,-0.6233346,0.2670897,0,0.64336437,0.76539314,0.015988946,0,-0.21439509,0.1600853,0.963539,0,0.2659864,1.2697944e-09,8.617855e-10,1]},"hips_joint":{"m":[1,0,0,0,0,1,0,0,0,0,1,0,0,0,0,1]},"left_shoulder_1_joint":{"m":[0.18106495,-0.0015402845,0.9834699,0,-0.08142618,-0.9965888,0.0134304045,0,0.9800945,-0.082511984,-0.18057272,0,0.11220419,-0.00526603,0.08937616,1]},"left_upLeg_joint":{"m":[0.05331429,-0.9463716,0.31865066,0,-0.03967742,-0.32086015,-0.9462951,0,0.99778914,0.037807833,-0.054656014,0,0.10054,-0.02497846,0.00095838855,1]},"right_upLeg_joint":{"m":[0.01139196,0.89055,-0.45474234,0,-0.072829984,0.45430294,0.887865,0,0.99727917,0.02300438,0.07003416,0,-0.10054,-0.024973702,0.00095888245,1]},"spine_2_joint":{"m":[0.9982485,0.058784757,-0.0066561913,0,-0.058795225,0.9982691,-0.0013876791,0,0.0065630954,0.0017766008,0.9999769,0,0.05755287,9.1016595e-12,2.32789e-14,1]},"spine_4_joint":{"m":[0.9892645,0.14603874,-0.005321428,0,-0.14608112,0.9892342,-0.008710251,0,0.003992105,0.009394103,0.99994785,0,0.053054202,1.0710832e-11,2.8075525e-14,1]},"left_arm_joint":{"m":[0.8384212,0.02309761,-0.54453343,0,0.041090164,0.9935795,0.10541167,0,0.543472,-0.11075433,0.8320889,0,0.14504977,-4.6657664e-11,-4.455457e-09,1]},"head_joint":{"m":[0.97164243,-0.23608428,-0.013231876,0,0.23607552,0.9717321,-0.0022429482,0,0.013387364,-0.00094437826,0.9999098,0,0.046349917,0.0005390509,3.246295e-05,1]},"spine_5_joint":{"m":[0.98220557,0.18770203,-0.0063421945,0,-0.18774754,0.9821882,-0.0075594303,0,0.0048103086,0.008615646,0.9999513,0,0.0704627,-0.00022304898,-1.1807066e-06,1]},"right_hand_joint":{"m":[1,0,-0,0,-0,0.27563748,-0.9612617,0,0,0.9612617,0.27563748,0,-0.26797068,-7.601031e-14,6.970424e-14,1]},"right_arm_joint":{"m":[0.8473391,0.054884322,-0.52820855,0,-0.08974547,0.9951383,-0.040566087,0,0.5234141,0.08177755,0.8481452,0,-0.14504918,5.3406137e-11,-1.272317e-08,1]},"spine_1_joint":{"m":[-0.011760924,0.9997329,0.019897304,0,-0.00046375958,-0.019904146,0.9998019,0,0.9999308,0.011749382,0.0006977426,0,-1.9777714e-08,3.3065644e-26,0,1]},"spine_6_joint":{"m":[0.99863684,0.048489217,-0.019319417,0,-0.04861902,0.9987975,-0.006306584,0,0.018990384,0.007237279,0.99979347,0,0.09384017,0.0005505333,3.1292616e-06,1]},"neck_1_joint":{"m":[0.9733233,0.22942626,0.0023015398,0,-0.22942403,0.9733257,-0.0011941722,0,-0.0025141225,0.0006342871,0.99999654,0,0.13401964,-0.006695325,1.0439466e-05,1]},"right_shoulder_1_joint":{"m":[-0.08021839,0.044960354,0.9957627,0,0.16371317,0.98601025,-0.031331316,0,-0.98324096,0.16050614,-0.086456776,0,0.11220388,-0.0052660364,-0.08935528,1]}}},{"rootTransform":{"m":[0.99524105,-0.008768045,-0.09704892,0,0.02947132,0.97638535,0.21401653,0,0.09288065,-0.21585819,0.9719971,0,0.13561848,-0.17647077,-2.4164965,1]},"localJoints":{"left_foot_joint":{"m":[0.23939782,-0.9709216,-2.5804752e-06,0,0.9709216,0.23939782,4.974599e-07,0,1.3476559e-07,-2.6245298e-06,1,0,0.45730665,7.7321936e-08,4.0856205e-16,1]},"right_toes_joint":{"m":[0.92815256,-0.3722,3.7271306e-07,0,0.3722,0.92815256,1.0287589e-06,0,-7.2883864e-07,-8.1612137e-07,1,0,-0.14903176,1.2789769e-15,3.289198e-10,1]},"right_forearm_joint":{"m":[0.7967298,-0.45073783,0.4025628,0,0.5127038,0.8567757,-0.055407982,0,-0.31993157,0.2505407,0.9137138,0,-0.2659859,-1.686633e-12,6.536993e-14,1]},"left_leg_joint":{"m":[0.76710105,0.6402859,-0.039875302,0,-0.639829,0.76811063,0.025001526,0,0.046636764,0.0063346764,0.9988919,0,0.4211009,0,0,1]},"spine_7_joint":{"m":[0.99582845,-0.08945061,-0.01801647,0,0.089460716,0.99599046,-0.0002457796,0,0.017966216,-0.0013670119,0.9998378,0,0.10708762,0.00072746736,4.2739325e-06,1]},"spine_3_joint":{"m":[0.99383944,0.11060436,-0.007054926,0,-0.11066179,0.9938231,-0.008347174,0,0.0060881143,0.009076461,0.9999403,0,0.05755287,9.101805e-12,-1.670041e-14,1]},"left_hand_joint":{"m":[1.0000001,-1.6731002e-07,1.7450725e-15,0,4.6116295e-08,0.27563375,-0.96126276,0,1.6082889e-07,0.96126276,0.27563375,0,0.26797026,-3.2819713e-08,1.6874679e-12,1]},"neck_4_joint":{"m":[0.99782115,-0.065775886,-0.005155455,0,0.065775275,0.9978345,-0.0002886803,0,0.005163279,-5.1050163e-05,0.9999867,0,0.04,-8.359135e-09,-1.0269563e-17,1]},"left_toes_joint":{"m":[0.92815256,-0.3722,3.1158942e-07,0,0.3722,0.92815256,-8.36825e-07,0,2.2263746e-08,8.926748e-07,1,0,0.1490318,-4.2632563e-16,-5.3290704e-17,1]},"right_foot_joint":{"m":[0.23939782,-0.9709216,1.6627764e-06,0,0.9709216,0.23939782,-7.382445e-07,0,3.1871252e-07,1.7911595e-06,1,0,-0.45730665,-2.2380322e-08,1.0039571e-06,1]},"root":{"m":[0.9998024,-0.019546367,-0.0035787616,0,0.018541597,0.98241955,-0.18576264,0,0.0071468316,0.18565962,0.982588,0,0.00021637478,0.018450357,-0.0079075275,1]},"neck_3_joint":{"m":[0.9977444,-0.06684801,-0.0061502527,0,0.06684667,0.99776334,-0.0004229579,0,0.006164769,1.087997e-05,0.99998116,0,0.04,2.6948506e-09,-6.8001157e-18,1]},"right_leg_joint":{"m":[0.75505996,0.6556532,0.0018911522,0,-0.6556545,0.75504905,0.0042809746,0,0.0013789219,-0.0044723344,0.99998915,0,-0.42109317,0,0,1]},"neck_2_joint":{"m":[0.9994573,-0.03293856,-0.00019536921,0,0.032938395,0.999457,-0.0007860971,0,0.00022115605,0.0007792353,0.9999996,0,0.03,2.6890293e-10,1.072753e-16,1]},"left_forearm_joint":{"m":[0.7256011,-0.6329362,0.2699901,0,0.6530742,0.75704056,0.019582149,0,-0.21678771,0.16211475,0.9626639,0,0.2659864,1.2697944e-09,8.617855e-10,1]},"hips_joint":{"m":[1,0,0,0,0,1,0,0,0,0,1,0,0,0,0,1]},"left_shoulder_1_joint":{"m":[0.17923304,0.0011524464,0.9838059,0,-0.0840562,-0.99632466,0.016480746,0,0.9802092,-0.08564889,-0.17847742,0,0.11220419,-0.00526603,0.08937616,1]},"left_upLeg_joint":{"m":[0.051924128,-0.94526565,0.3221437,0,-0.040038895,-0.32428998,-0.9451099,0,0.997848,0.036175724,-0.054685872,0,0.10054,-0.02497846,0.00095838855,1]},"right_upLeg_joint":{"m":[0.011083373,0.8915873,-0.4527133,0,-0.07192039,0.45227936,0.88897187,0,0.99734885,0.02270651,0.06913607,0,-0.10054,-0.024973702,0.00095888245,1]},"spine_2_joint":{"m":[0.9982242,0.059092134,-0.007504773,0,-0.059102103,0.99825126,-0.0011132773,0,0.0074258638,0.0015548483,0.99997115,0,0.05755287,9.1016595e-12,2.32789e-14,1]},"spine_4_joint":{"m":[0.98920494,0.14642966,-0.0056591486,0,-0.1464735,0.98917973,-0.008313686,0,0.004380544,0.009052854,0.9999495,0,0.053054202,1.0710832e-11,2.8075525e-14,1]},"left_arm_joint":{"m":[0.8369526,0.016704472,-0.54702044,0,0.047115415,0.9936238,0.10243005,0,0.5452435,-0.11150219,0.83082896,0,0.14504977,-4.6657664e-11,-4.455457e-09,1]},"head_joint":{"m":[0.97164243,-0.23608428,-0.013231876,0,0.23607552,0.9717321,-0.0022429482,0,0.013387364,-0.00094437826,0.9999098,0,0.046349917,0.0005390509,3.246295e-05,1]},"spine_5_joint":{"m":[0.98216033,0.18793823,-0.0063360254,0,-0.18798195,0.982146,-0.007203825,0,0.0048690285,0.00826637,0.99995387,0,0.0704627,-0.00022304898,-1.1807066e-06,1]},"right_hand_joint":{"m":[1,0,-0,0,-0,0.27563748,-0.9612617,0,0,0.9612617,0.27563748,0,-0.26797068,-7.601031e-14,6.970424e-14,1]},"right_arm_joint":{"m":[0.84824675,0.04998015,-0.5272377,0,-0.08437003,0.9955757,-0.041361965,0,0.5228377,0.07956821,0.8487107,0,-0.14504918,5.3406137e-11,-1.272317e-08,1]},"spine_1_joint":{"m":[-0.012770792,0.999724,0.01972129,0,-0.0002759937,-0.019726437,0.99980533,0,0.9999184,0.012762872,0.00052784715,0,-1.9777714e-08,3.3065644e-26,0,1]},"spine_6_joint":{"m":[0.99864805,0.04841318,-0.018925065,0,-0.048534445,0.99880344,-0.0060013114,0,0.01861188,0.0069117155,0.9998029,0,0.09384017,0.0005505333,3.1292616e-06,1]},"neck_1_joint":{"m":[0.9732255,0.2298449,0.0019621635,0,-0.22984296,0.9732272,-0.001165511,0,-0.0021775174,0.00068331533,0.99999756,0,0.13401964,-0.006695325,1.0439466e-05,1]},"right_shoulder_1_joint":{"m":[-0.081373304,0.041655518,0.9958129,0,0.1632271,0.9861935,-0.027914952,0,-0.983227,0.1602721,-0.08704915,0,0.11220388,-0.0052660364,-0.08935528,1]}},"time":0.060511541669256985},{"time":0.07730508333770558,"rootTransform":{"m":[0.99488086,-0.0077648414,-0.10075627,0,0.028629584,0.9778513,0.20733368,0,0.09691474,-0.2091569,0.9730678,0,0.1371332,-0.17894377,-2.4138165,1.0000001]},"localJoints":{"neck_4_joint":{"m":[0.99782115,-0.065775886,-0.005155455,0,0.065775275,0.9978345,-0.0002886803,0,0.005163279,-5.1050163e-05,0.9999867,0,0.04,-8.359135e-09,-1.0269563e-17,1]},"neck_1_joint":{"m":[0.973174,0.23006277,0.0019087238,0,-0.23006089,0.9731756,-0.0011603881,0,-0.0021244856,0.0006901368,0.99999756,0,0.13401964,-0.006695325,1.0439466e-05,1]},"spine_1_joint":{"m":[-0.01272947,0.9997476,0.018518204,0,-0.0011401916,-0.0185342,0.9998276,0,0.9999184,0.012706164,0.0013758385,0,-1.9777714e-08,3.3065644e-26,0,1]},"spine_3_joint":{"m":[0.9939423,0.10967182,-0.0071238275,0,-0.10973517,0.9939182,-0.009209908,0,0.0060704346,0.009935851,0.99993217,0,0.05755287,9.101805e-12,-1.670041e-14,1]},"spine_2_joint":{"m":[0.998286,0.0580435,-0.007505501,0,-0.058059853,0.99831134,-0.0019798307,0,0.007377909,0.002412205,0.9999701,0,0.05755287,9.1016595e-12,2.32789e-14,1]},"spine_5_joint":{"m":[0.9822956,0.18722157,-0.0065802075,0,-0.18727143,0.9822754,-0.0080167195,0,0.0049626734,0.009107075,0.9999462,0,0.0704627,-0.00022304898,-1.1807066e-06,1]},"right_leg_joint":{"m":[0.754385,0.65642715,0.0025654894,0,-0.65643156,0.7543734,0.0042860913,0,0.00087816984,-0.004917431,0.99998754,0,-0.42109317,0,0,1]},"left_hand_joint":{"m":[1.0000001,-1.6731002e-07,1.7450725e-15,0,4.6116295e-08,0.27563375,-0.96126276,0,1.6082889e-07,0.96126276,0.27563375,0,0.26797026,-3.2819713e-08,1.6874679e-12,1]},"neck_2_joint":{"m":[0.9994557,-0.032992136,-0.00021611733,0,0.032991957,0.9994554,-0.00078502926,0,0.0002418994,0.0007774717,0.99999976,0,0.03,2.6890293e-10,1.072753e-16,1]},"right_upLeg_joint":{"m":[0.010449855,0.8913698,-0.4531564,0,-0.07148446,0.45268753,0.88879913,0,0.997387,0.023105824,0.06844959,0,-0.10054,-0.024973702,0.00095888245,1]},"right_foot_joint":{"m":[0.23939782,-0.9709216,1.6627764e-06,0,0.9709216,0.23939782,-7.382445e-07,0,3.1871252e-07,1.7911595e-06,1,0,-0.45730665,-2.2380322e-08,1.0039571e-06,1]},"root":{"m":[0.99978954,-0.02016879,-0.0037822584,0,0.019136557,0.9829327,-0.18296841,0,0.007407956,0.18285751,0.9831117,0,0.00022439055,0.01831991,-0.007967302,1]},"spine_6_joint":{"m":[0.9986745,0.047796953,-0.0190939,0,-0.047934715,0.9988271,-0.0068233376,0,0.018745374,0.0077295545,0.99979436,0,0.09384017,0.0005505333,3.1292616e-06,1]},"left_leg_joint":{"m":[0.76426655,0.6435983,-0.040963493,0,-0.6431421,0.76533103,0.025236407,0,0.047592737,0.007058004,0.998842,0,0.4211009,0,0,1]},"hips_joint":{"m":[1,0,0,0,0,1,0,0,0,0,1,0,0,0,0,1]},"right_toes_joint":{"m":[0.92815256,-0.3722,3.7271306e-07,0,0.3722,0.92815256,1.0287589e-06,0,-7.2883864e-07,-8.1612137e-07,1,0,-0.14903176,1.2789769e-15,3.289198e-10,1]},"head_joint":{"m":[0.97164243,-0.23608428,-0.013231876,0,0.23607552,0.9717321,-0.0022429482,0,0.013387364,-0.00094437826,0.9999098,0,0.046349917,0.0005390509,3.246295e-05,1]},"neck_3_joint":{"m":[0.9977444,-0.06684801,-0.0061502527,0,0.06684667,0.99776334,-0.0004229579,0,0.006164769,1.087997e-05,0.99998116,0,0.04,2.6948506e-09,-6.8001157e-18,1]},"right_shoulder_1_joint":{"m":[-0.0804447,0.04158155,0.99589145,0,0.16085227,0.9865757,-0.028199496,0,-0.9836948,0.1579229,-0.08605323,0,0.11220388,-0.0052660364,-0.08935528,1]},"right_arm_joint":{"m":[0.84795374,0.0489684,-0.5278037,0,-0.08215116,0.99583334,-0.039590504,0,0.52366585,0.0769306,0.8484433,0,-0.14504918,5.3406137e-11,-1.272317e-08,1]},"left_upLeg_joint":{"m":[0.051223293,-0.94705105,0.31697038,0,-0.040739715,-0.3191044,-0.9468434,0,0.99785584,0.035587136,-0.054928172,0,0.10054,-0.02497846,0.00095838855,1]},"left_arm_joint":{"m":[0.83605945,0.010409719,-0.5485403,0,0.052935634,0.9936248,0.09953816,0,0.54607934,-0.11225714,0.8301783,0,0.14504977,-4.6657664e-11,-4.455457e-09,1]},"spine_4_joint":{"m":[0.989325,0.14560987,-0.005815147,0,-0.14565898,0.98929226,-0.00917657,0,0.0044166804,0.009925638,0.999941,0,0.053054202,1.0710832e-11,2.8075525e-14,1]},"left_toes_joint":{"m":[0.92815256,-0.3722,3.1158942e-07,0,0.3722,0.92815256,-8.36825e-07,0,2.2263746e-08,8.926748e-07,1,0,0.1490318,-4.2632563e-16,-5.3290704e-17,1]},"spine_7_joint":{"m":[0.9957837,-0.08994982,-0.017995864,0,0.08994447,0.99594617,-0.0011078521,0,0.018022563,-0.0005154475,0.9998375,0,0.10708762,0.00072746736,4.2739325e-06,1]},"right_forearm_joint":{"m":[0.79161423,-0.45881465,0.4035296,0,0.520326,0.8524109,-0.051542338,0,-0.32032463,0.25076857,0.9135137,0,-0.2659859,-1.686633e-12,6.536993e-14,1]},"left_forearm_joint":{"m":[0.7150647,-0.64387697,0.27222198,0,0.6640461,0.74732745,0.023330428,0,-0.21846092,0.1640852,0.9619515,0,0.2659864,1.2697944e-09,8.617855e-10,1]},"left_shoulder_1_joint":{"m":[0.1783822,0.0027297281,0.9839574,0,-0.086973734,-0.99603814,0.01853076,0,0.98010975,-0.08888401,-0.1774381,0,0.11220419,-0.00526603,0.08937616,1]},"left_foot_joint":{"m":[0.23939782,-0.9709216,-2.5804752e-06,0,0.9709216,0.23939782,4.974599e-07,0,1.3476559e-07,-2.6245298e-06,1,0,0.45730665,7.7321936e-08,4.0856205e-16,1]},"right_hand_joint":{"m":[1,0,-0,0,-0,0.27563748,-0.9612617,0,0,0.9612617,0.27563748,0,-0.26797068,-7.601031e-14,6.970424e-14,1]}}},{"rootTransform":{"m":[0.99463516,-0.0075818617,-0.10316751,0,0.028223895,0.9793624,0.20013162,0,0.09952102,-0.20196974,0.97432226,0,0.13949718,-0.18186268,-2.414832,0.99999994]},"time":0.09390883333253441,"localJoints":{"neck_4_joint":{"m":[0.99782115,-0.065775886,-0.005155455,0,0.065775275,0.9978345,-0.0002886803,0,0.005163279,-5.1050163e-05,0.9999867,0,0.04,-8.359135e-09,-1.0269563e-17,1]},"neck_1_joint":{"m":[0.973174,0.23006277,0.0019087238,0,-0.23006089,0.9731756,-0.0011603881,0,-0.0021244856,0.0006901368,0.99999756,0,0.13401964,-0.006695325,1.0439466e-05,1]},"spine_1_joint":{"m":[-0.01143957,0.99979836,0.016500669,0,-0.0015708609,-0.016519697,0.9998623,0,0.9999333,0.011412061,0.0017595456,0,-1.9777714e-08,3.3065644e-26,0,1]},"spine_3_joint":{"m":[0.99414784,0.1078469,-0.006258433,0,-0.10790469,0.9941132,-0.009775098,0,0.0051673767,0.010393208,0.99993265,0,0.05755287,9.101805e-12,-1.670041e-14,1]},"spine_2_joint":{"m":[0.99840575,0.05608341,-0.0063944845,0,-0.05610001,0.99842227,-0.002446624,0,0.00624718,0.0028014537,0.9999767,0,0.05755287,9.1016595e-12,2.32789e-14,1]},"spine_5_joint":{"m":[0.98257434,0.18576404,-0.006292009,0,-0.18581462,0.9825462,-0.00872736,0,0.0045609595,0.009744425,0.9999422,0,0.0704627,-0.00022304898,-1.1807066e-06,1]},"right_leg_joint":{"m":[0.7546995,0.65606624,0.0023973642,0,-0.6560698,0.754688,0.004291729,0,0.0010063964,-0.004811804,0.99998796,0,-0.42109317,0,0,1]},"left_hand_joint":{"m":[1.0000001,-1.6731002e-07,1.7450725e-15,0,4.6116295e-08,0.27563375,-0.96126276,0,1.6082889e-07,0.96126276,0.27563375,0,0.26797026,-3.2819713e-08,1.6874679e-12,1]},"neck_2_joint":{"m":[0.9994557,-0.032992136,-0.00021611733,0,0.032991957,0.9994554,-0.00078502926,0,0.0002418994,0.0007774717,0.99999976,0,0.03,2.6890293e-10,1.072753e-16,1]},"right_upLeg_joint":{"m":[0.0096149845,0.89224553,-0.45144805,0,-0.0716542,0.45092306,0.88968194,0,0.9973832,0.02379388,0.06826873,0,-0.10054,-0.024973702,0.00095888245,1]},"right_foot_joint":{"m":[0.23939782,-0.9709216,1.6627764e-06,0,0.9709216,0.23939782,-7.382445e-07,0,3.1871252e-07,1.7911595e-06,1,0,-0.45730665,-2.2380322e-08,1.0039571e-06,1]},"root":{"m":[0.9997932,-0.019893302,-0.004229464,0,0.018828647,0.98397887,-0.17728826,0,0.0076885517,0.17717195,0.98414993,0,0.00021191688,0.018095233,-0.008078017,1]},"spine_6_joint":{"m":[0.99872655,0.046687722,-0.01911493,0,-0.046838164,0.99887425,-0.007499785,0,0.018743265,0.008385544,0.99978906,0,0.09384017,0.0005505333,3.1292616e-06,1]},"left_leg_joint":{"m":[0.7652017,0.6425793,-0.039471608,0,-0.64211035,0.7661955,0.025269052,0,0.04648034,0.006009208,0.998901,0,0.4211009,0,0,1]},"hips_joint":{"m":[1,0,0,0,0,1,0,0,0,0,1,0,0,0,0,1]},"right_toes_joint":{"m":[0.92815256,-0.3722,3.7271306e-07,0,0.3722,0.92815256,1.0287589e-06,0,-7.2883864e-07,-8.1612137e-07,1,0,-0.14903176,1.2789769e-15,3.289198e-10,1]},"head_joint":{"m":[0.97164243,-0.23608428,-0.013231876,0,0.23607552,0.9717321,-0.0022429482,0,0.013387364,-0.00094437826,0.9999098,0,0.046349917,0.0005390509,3.246295e-05,1]},"neck_3_joint":{"m":[0.9977444,-0.06684801,-0.0061502527,0,0.06684667,0.99776334,-0.0004229579,0,0.006164769,1.087997e-05,0.99998116,0,0.04,2.6948506e-09,-6.8001157e-18,1]},"right_shoulder_1_joint":{"m":[-0.07979631,0.044153534,0.99583286,0,0.15947154,0.98671657,-0.030970838,0,-0.98397225,0.15633564,-0.08577759,0,0.11220388,-0.0052660364,-0.08935528,1]},"right_arm_joint":{"m":[0.84768385,0.04968132,-0.5281703,0,-0.08226338,0.9958724,-0.038353313,0,0.52408475,0.075960554,0.8482719,0,-0.14504918,5.3406137e-11,-1.272317e-08,1]},"left_upLeg_joint":{"m":[0.054403767,-0.9494267,0.30924,0,-0.04009072,-0.31152585,-0.94939166,0,0.9977139,0.039252818,-0.0550114,0,0.10054,-0.02497846,0.00095838855,1]},"left_arm_joint":{"m":[0.83668685,0.0109853195,-0.5475716,0,0.051492147,0.9937925,0.09861711,0,0.54525584,-0.11070727,0.8309274,0,0.14504977,-4.6657664e-11,-4.455457e-09,1]},"spine_4_joint":{"m":[0.98957473,0.14392553,-0.0052002096,0,-0.1439711,0.989533,-0.009825346,0,0.003731661,0.0104715945,0.9999381,0,0.053054202,1.0710832e-11,2.8075525e-14,1]},"left_toes_joint":{"m":[0.92815256,-0.3722,3.1158942e-07,0,0.3722,0.92815256,-8.36825e-07,0,2.2263746e-08,8.926748e-07,1,0,0.1490318,-4.2632563e-16,-5.3290704e-17,1]},"spine_7_joint":{"m":[0.99572337,-0.09055779,-0.018283408,0,0.090540655,0.99589115,-0.0017642011,0,0.018368047,0.00010126451,0.9998312,0,0.10708762,0.00072746736,4.2739325e-06,1]},"right_forearm_joint":{"m":[0.78755474,-0.46437973,0.4051036,0,0.5259334,0.8491069,-0.049106717,0,-0.3211721,0.25173175,0.912951,0,-0.2659859,-1.686633e-12,6.536993e-14,1]},"left_forearm_joint":{"m":[0.7141298,-0.64419645,0.2739155,0,0.664669,0.7467717,0.023393232,0,-0.21962218,0.16535734,0.9614693,0,0.2659864,1.2697944e-09,8.617855e-10,1]},"left_shoulder_1_joint":{"m":[0.17966464,0.0010231184,0.9837273,0,-0.08834705,-0.99594164,0.017171232,0,0.97975266,-0.089994475,-0.17884514,0,0.11220419,-0.00526603,0.08937616,1]},"left_foot_joint":{"m":[0.23939782,-0.9709216,-2.5804752e-06,0,0.9709216,0.23939782,4.974599e-07,0,1.3476559e-07,-2.6245298e-06,1,0,0.45730665,7.7321936e-08,4.0856205e-16,1]},"right_hand_joint":{"m":[1,0,-0,0,-0,0.27563748,-0.9612617,0,0,0.9612617,0.27563748,0,-0.26797068,-7.601031e-14,6.970424e-14,1]}}},{"rootTransform":{"m":[0.9957824,-0.006535632,-0.09151373,0,0.024250474,0.98073465,0.19383402,0,0.088483855,-0.19523573,0.9767567,0,0.1435123,-0.18280168,-2.4283924,1]},"time":0.11070062500220956,"localJoints":{"neck_4_joint":{"m":[0.99782115,-0.065775886,-0.005155455,0,0.065775275,0.9978345,-0.0002886803,0,0.005163279,-5.1050163e-05,0.9999867,0,0.04,-8.359135e-09,-1.0269563e-17,1]},"neck_1_joint":{"m":[0.973174,0.23006277,0.0019087238,0,-0.23006089,0.9731756,-0.0011603881,0,-0.0021244856,0.0006901368,0.99999756,0,0.13401964,-0.006695325,1.0439466e-05,1]},"spine_1_joint":{"m":[-0.010612617,0.99981904,0.015781496,0,-0.0016770271,-0.015800145,0.99987364,0,0.9999422,0.010584799,0.001844404,0,-1.9777714e-08,3.3065644e-26,0,1]},"spine_3_joint":{"m":[0.9942425,0.10700957,-0.0055621206,0,-0.107061066,0.99420244,-0.009977161,0,0.004462222,0.010515203,0.99993473,0,0.05755287,9.101805e-12,-1.670041e-14,1]},"spine_2_joint":{"m":[0.9984528,0.055323437,-0.0056161825,0,-0.05533854,0.9984644,-0.002570349,0,0.0054653576,0.002877163,0.99998105,0,0.05755287,9.1016595e-12,2.32789e-14,1]},"spine_5_joint":{"m":[0.9827522,0.18483624,-0.0058088284,0,-0.18488353,0.98271865,-0.0090705,0,0.0040318863,0.009988011,0.99994206,0,0.0704627,-0.00022304898,-1.1807066e-06,1]},"right_leg_joint":{"m":[0.7581262,0.6521027,0.0026210344,0,-0.6521075,0.7581144,0.0043032877,0,0.00081914157,-0.004971631,0.9999873,0,-0.42109317,0,0,1]},"left_hand_joint":{"m":[1.0000001,-1.6731002e-07,1.7450725e-15,0,4.6116295e-08,0.27563375,-0.96126276,0,1.6082889e-07,0.96126276,0.27563375,0,0.26797026,-3.2819713e-08,1.6874679e-12,1]},"neck_2_joint":{"m":[0.9994557,-0.032992136,-0.00021611733,0,0.032991957,0.9994554,-0.00078502926,0,0.0002418994,0.0007774717,0.99999976,0,0.03,2.6890293e-10,1.072753e-16,1]},"right_upLeg_joint":{"m":[0.008633872,0.8924861,-0.45099244,0,-0.07161816,0.45040295,0.88994837,0,0.9973948,0.024615554,0.067806914,0,-0.10054,-0.024973702,0.00095888245,1]},"right_foot_joint":{"m":[0.23939782,-0.9709216,1.6627764e-06,0,0.9709216,0.23939782,-7.382445e-07,0,3.1871252e-07,1.7911595e-06,1,0,-0.45730665,-2.2380322e-08,1.0039571e-06,1]},"root":{"m":[0.99981,-0.018864527,-0.0049133003,0,0.01772321,0.98460764,-0.17387842,0,0.008117807,0.17375828,0.9847549,0,0.00017265457,0.017851518,-0.008222616,1]},"spine_6_joint":{"m":[0.9987788,0.045711078,-0.01874115,0,-0.04586438,0.9989169,-0.007833363,0,0.01836278,0.008683349,0.9997937,0,0.09384017,0.0005505333,3.1292616e-06,1]},"left_leg_joint":{"m":[0.7689598,0.6381558,-0.03818338,0,-0.63768184,0.7698907,0.025102915,0,0.045416597,0.005045713,0.9989554,0,0.4211009,0,0,1]},"hips_joint":{"m":[1,0,0,0,0,1,0,0,0,0,1,0,0,0,0,1]},"right_toes_joint":{"m":[0.92815256,-0.3722,3.7271306e-07,0,0.3722,0.92815256,1.0287589e-06,0,-7.2883864e-07,-8.1612137e-07,1,0,-0.14903176,1.2789769e-15,3.289198e-10,1]},"head_joint":{"m":[0.97164243,-0.23608428,-0.013231876,0,0.23607552,0.9717321,-0.0022429482,0,0.013387364,-0.00094437826,0.9999098,0,0.046349917,0.0005390509,3.246295e-05,1]},"neck_3_joint":{"m":[0.9977444,-0.06684801,-0.0061502527,0,0.06684667,0.99776334,-0.0004229579,0,0.006164769,1.087997e-05,0.99998116,0,0.04,2.6948506e-09,-6.8001157e-18,1]},"right_shoulder_1_joint":{"m":[-0.080646925,0.04253229,0.9958348,0,0.16043504,0.98661596,-0.029145835,0,-0.9837462,0.15741627,-0.08639125,0,0.11220388,-0.0052660364,-0.08935528,1]},"right_arm_joint":{"m":[0.84870476,0.047279034,-0.5267496,0,-0.08002124,0.996009,-0.03953314,0,0.5227783,0.075703114,0.8491008,0,-0.14504918,5.3406137e-11,-1.272317e-08,1]},"left_upLeg_joint":{"m":[0.058336344,-0.95075804,0.3043945,0,-0.039662886,-0.30688038,-0.95092124,0,0.9975087,0.0434001,-0.055612117,0,0.10054,-0.02497846,0.00095838855,1]},"left_arm_joint":{"m":[0.838137,0.011023475,-0.5453484,0,0.04967935,0.9940977,0.09644571,0,0.54319274,-0.10792726,0.83264244,0,0.14504977,-4.6657664e-11,-4.455457e-09,1]},"spine_4_joint":{"m":[0.98970115,0